RUNNING THE L-BFGS-B CODE

it    = iteration number
nf    = number of function evaluations
nseg  = number of segments explored during the Cauchy search
nact  = number of active bounds at the generalized Cauchy point
sub   = manner in which the subspace minimization terminated:
        con = converged, bnd = a bound was reached
itls  = number of iterations performed in the line search
stepl = step length used
tstep = norm of the displacement (total step)
projg = norm of the projected gradient
f     = function value

           * * *

Machine precision = 2.220D-16
 N =           99     M =           10

   it   nf  nseg  nact  sub  itls  stepl    tstep     projg        f
    0    1     -     -   -     -     -        -     5.027D-01  2.329D+00
    1    2     1     0  ---    0  9.6D-01  1.0D+00  3.677D-01  1.425D+00
    2    4     0     0  con    1  2.8D-01  8.7D-01  6.469D-02  1.061D+00
    3    5     0     0  con    0  1.0D+00  2.2D-01  4.861D-02  1.037D+00
    4    7     0     0  con    1  1.9D-01  9.4D-02  6.996D-02  1.028D+00
    5    8     0     0  con    0  1.0D+00  5.7D-01  3.988D-01  9.998D-01
    6   12     0     0  con    3  5.6D-02  1.3D-01  9.037D-01  9.889D-01
    7   13     0     0  con    0  1.0D+00  1.6D-01  5.402D+00  9.817D-01
    8   18     0     0  con    4  6.4D-04  9.0D-03  5.223D+00  9.813D-01
    9   20     0     0  con    1  3.2D-01  3.9D-02  1.553D+00  9.768D-01
   10   21     0     0  con    0  1.0D+00  1.4D-01  6.930D-01  9.712D-01
   11   22     0     0  con    0  1.0D+00  3.3D-02  5.622D-02  9.694D-01
   12   23     0     0  con    0  1.0D+00  4.9D-02  2.853D-01  9.684D-01
   13   24     0     0  con    0  1.0D+00  2.1D-02  5.827D-01  9.676D-01
   14   25     0     0  con    0  1.0D+00  4.9D-02  5.108D-01  9.658D-01
   15   26     0     0  con    0  1.0D+00  1.1D-01  4.540D-01  9.628D-01
   16   27     0     0  con    0  1.0D+00  1.7D-01  4.875D-01  9.592D-01
   17   28     0     0  con    0  1.0D+00  5.0D-01  5.366D+00  9.531D-01
   18   29     0     0  con    0  1.0D+00  2.7D-01  8.386D-01  9.474D-01
   19   30     0     0  con    0  1.0D+00  3.2D-01  1.992D-01  9.434D-01
   20   31     0     0  con    0  1.0D+00  4.4D-01  4.867D-01  9.402D-01
   21   32     0     0  con    0  1.0D+00  4.2D-01  4.249D-01  9.392D-01
   22   34     0     0  con    1  1.6D-02  1.7D-01  1.557D+00  9.388D-01
   23   35     0     0  con    0  1.0D+00  8.0D-01  9.125D-01  9.370D-01
   24   36     0     0  con    0  1.0D+00  4.8D-01  2.676D+00  9.362D-01
   25   38     0     0  con    1  4.6D-01  3.8D-01  5.588D+00  9.355D-01
   26   40     0     0  con    1  4.1D-01  1.0D+00  3.840D+00  9.337D-01
   27   41     0     0  con    0  1.0D+00  2.4D-01  4.129D+00  9.336D-01
   28   42     0     0  con    0  1.0D+00  1.9D-01  1.006D+00  9.331D-01
   29   43     0     0  con    0  1.0D+00  9.7D-02  6.193D-01  9.330D-01
   30   44     0     0  con    0  1.0D+00  6.2D-02  2.118D-01  9.330D-01
   31   45     0     0  con    0  1.0D+00  1.1D-02  8.049D-02  9.330D-01
   32   46     0     0  con    0  1.0D+00  4.5D-03  9.565D-02  9.330D-01
   33   47     0     0  con    0  1.0D+00  2.3D-02  8.357D-02  9.330D-01
   34   48     0     0  con    0  1.0D+00  2.2D-02  2.073D-01  9.330D-01
   35   49     0     0  con    0  1.0D+00  2.9D-02  2.195D-01  9.329D-01
   36   51     0     0  con    1  1.3D-01  1.9D-02  3.371D-01  9.329D-01
   37   52     0     0  con    0  1.0D+00  3.3D-02  3.532D-01  9.329D-01
   38   54     0     0  con    1  1.4D-02  3.1D-02  8.043D-01  9.329D-01
   39   55     0     0  con    0  1.0D+00  3.6D-02  5.025D-01  9.328D-01
   40   56     0     0  con    0  1.0D+00  6.5D-02  1.308D+00  9.327D-01
   41   57     0     0  con    0  1.0D+00  1.4D-01  1.701D+00  9.324D-01
   42   58     0     0  con    0  1.0D+00  9.9D-01  2.745D+00  9.311D-01
   43   60     0     0  con    1  7.2D-02  3.1D-01  7.606D+00  9.310D-01
   44   61     0     0  con    0  1.0D+00  2.3D-02  4.056D+00  9.295D-01
   45   63     0     0  con    1  5.0D-01  1.2D-01  2.155D+00  9.278D-01
   46   64     0     0  con    0  1.0D+00  1.7D-01  5.613D+00  9.252D-01
   47   65     0     0  con    0  1.0D+00  6.0D-01  8.365D+00  9.194D-01
   48   66     0     0  con    0  1.0D+00  1.1D-01  2.817D+00  9.179D-01
   49   68     0     0  con    1  4.9D-01  1.5D-01  1.843D+00  9.165D-01
   50   70     0     0  con    1  4.9D-02  1.1D-01  1.023D+00  9.163D-01
   51   71     0     0  con    0  1.0D+00  1.8D-01  4.264D+00  9.157D-01
   52   72     0     0  con    0  1.0D+00  4.9D-02  3.570D-01  9.154D-01
   53   73     0     0  con    0  1.0D+00  5.6D-02  2.743D+00  9.151D-01
   54   74     0     0  con    0  1.0D+00  4.9D-02  3.125D+00  9.146D-01
   55   76     0     0  con    1  3.6D-01  2.0D-01  2.169D+00  9.144D-01
   56   79     0     0  con    2  2.3D-02  3.8D-02  1.950D+00  9.144D-01
   57   80     0     0  con    0  1.0D+00  1.6D-01  4.970D+00  9.140D-01
   58   81     0     0  con    0  1.0D+00  1.5D-01  1.479D+00  9.138D-01
   59   82     0     0  con    0  1.0D+00  1.1D-01  3.028D-01  9.138D-01
   60   83     0     0  con    0  1.0D+00  5.1D-02  3.607D-01  9.138D-01
   61   85     0     0  con    1  7.8D-02  7.2D-03  2.444D+00  9.137D-01
   62   86     0     0  con    0  1.0D+00  2.2D-02  2.654D+00  9.136D-01
   63   88     0     0  con    1  1.4D-01  9.5D-02  3.473D+00  9.135D-01
   64   89     0     0  con    0  1.0D+00  1.0D-01  2.868D+00  9.133D-01
   65   90     0     0  con    0  1.0D+00  1.3D-02  1.759D-01  9.132D-01
   66   91     0     0  con    0  1.0D+00  6.4D-02  2.218D-01  9.132D-01
   67   92     0     0  con    0  1.0D+00  2.1D-02  2.800D-01  9.132D-01
   68   93     0     0  con    0  1.0D+00  3.9D-02  7.491D-02  9.131D-01
   69   94     0     0  con    0  1.0D+00  3.3D-02  4.532D-01  9.131D-01
   70   95     0     0  con    0  1.0D+00  1.3D-02  3.802D-01  9.131D-01
   71   96     0     0  con    0  1.0D+00  7.9D-02  7.482D-01  9.128D-01
   72   98     0     0  con    1  1.6D-01  9.0D-02  3.038D+00  9.127D-01
   73   99     0     0  con    0  1.0D+00  1.2D-01  5.107D-01  9.124D-01
   74  100     0     0  con    0  1.0D+00  7.9D-02  2.180D-01  9.123D-01
   75  101     0     0  con    0  1.0D+00  4.9D-02  1.318D-01  9.123D-01
   76  102     0     0  con    0  1.0D+00  1.2D-01  3.788D-01  9.122D-01
   77  104     0     0  con    1  3.9D-02  2.7D-02  3.858D-01  9.122D-01
   78  105     0     0  con    0  1.0D+00  2.6D-02  2.055D-01  9.122D-01
   79  109     0     0  con    3  2.0D+00  1.2D-01  2.517D-01  9.121D-01
   80  110     0     0  con    0  1.0D+00  6.5D-02  3.136D-01  9.121D-01
   81  112     0     0  con    1  1.3D-01  9.8D-02  2.958D-01  9.121D-01
   82  113     0     0  con    0  1.0D+00  4.8D-02  4.015D-02  9.121D-01
   83  114     0     0  con    0  1.0D+00  1.1D-02  1.699D-01  9.121D-01
   84  116     0     0  con    1  4.9D-01  4.4D-03  2.192D-01  9.121D-01
   85  117     0     0  con    0  1.0D+00  1.2D-02  5.407D-02  9.121D-01
   86  118     0     0  con    0  1.0D+00  5.3D-03  4.779D-02  9.121D-01
   87  119     0     0  con    0  1.0D+00  1.3D-02  1.607D-01  9.121D-01
   88  120     0     0  con    0  1.0D+00  3.5D-02  1.492D-01  9.121D-01
   89  121     0     0  con    0  1.0D+00  3.7D-02  1.340D+00  9.120D-01
   90  122     0     0  con    0  1.0D+00  1.2D-02  8.106D-01  9.120D-01
   91  123     0     0  con    0  1.0D+00  9.0D-02  1.632D+00  9.119D-01
   92  124     0     0  con    0  1.0D+00  9.4D-02  2.928D+00  9.117D-01
   93  125     0     0  con    0  1.0D+00  1.1D-01  2.849D+00  9.115D-01
   94  127     0     0  con    1  5.0D-02  2.8D-02  3.544D+00  9.115D-01
   95  128     0     0  con    0  1.0D+00  1.9D-02  9.142D-01  9.115D-01
   96  129     0     0  con    0  1.0D+00  5.1D-02  2.848D-01  9.114D-01
   97  131     0     0  con    1  4.5D-01  7.0D-02  8.661D-01  9.114D-01
   98  132     0     0  con    0  1.0D+00  6.2D-02  6.040D-01  9.114D-01
   99  134     0     0  con    1  5.0D-01  2.0D-02  3.098D-01  9.114D-01
  100  135     0     0  con    0  1.0D+00  3.0D-03  2.698D-01  9.114D-01
  101  136     0     0  con    0  1.0D+00  1.8D-02  2.540D-01  9.114D-01
  102  137     0     0  con    0  1.0D+00  9.7D-03  2.108D-01  9.114D-01
  103  139     0     0  con    1  4.7D-01  9.4D-03  5.904D-01  9.114D-01
  104  140     0     0  con    0  1.0D+00  5.5D-03  5.428D-01  9.114D-01
  105  141     0     0  con    0  1.0D+00  1.0D-01  4.551D-01  9.114D-01
  106  143     0     0  con    1  6.7D-02  3.8D-02  3.459D-01  9.114D-01
  107  144     0     0  con    0  1.0D+00  4.8D-02  9.409D-02  9.114D-01
  108  145     0     0  con    0  1.0D+00  2.1D-02  8.534D-02  9.114D-01
  109  147     0     0  con    1  3.6D-01  1.2D-02  1.150D-01  9.114D-01
  110  148     0     0  con    0  1.0D+00  9.3D-03  5.296D-01  9.114D-01
  111  149     0     0  con    0  1.0D+00  1.4D-02  2.754D-01  9.114D-01
  112  150     0     0  con    0  1.0D+00  5.2D-02  4.197D-01  9.113D-01
  113  151     0     0  con    0  1.0D+00  8.5D-02  9.635D-01  9.112D-01
  114  152     0     0  con    0  1.0D+00  6.4D-02  8.806D-02  9.112D-01
  115  153     0     0  con    0  1.0D+00  4.0D-01  1.303D-01  9.108D-01
  116  160     0     0  con    6  2.0D-03  5.8D-02  3.718D-01  9.107D-01
  117  162     0     0  con    1  2.9D-01  9.6D-02  1.156D+00  9.107D-01
  118  163     0     0  con    0  1.0D+00  2.9D-02  1.857D+00  9.106D-01
  119  164     0     0  con    0  1.0D+00  3.0D-02  6.729D-01  9.106D-01
  120  165     0     0  con    0  1.0D+00  3.2D-02  3.924D-01  9.106D-01
  121  166     0     0  con    0  1.0D+00  4.5D-02  6.115D-02  9.106D-01
  122  167     0     0  con    0  1.0D+00  4.1D-03  6.828D-02  9.106D-01
  123  168     0     0  con    0  1.0D+00  8.1D-03  1.823D-01  9.106D-01
  124  169     0     0  con    0  1.0D+00  3.2D-02  4.616D-01  9.105D-01
  125  171     0     0  con    1  5.3D-01  1.7D-02  5.087D-01  9.105D-01
  126  172     0     0  con    0  1.0D+00  2.3D-02  7.486D-01  9.105D-01
  127  173     0     0  con    0  1.0D+00  6.7D-02  1.666D+00  9.104D-01
  128  174     0     0  con    0  1.0D+00  1.2D-01  2.075D+00  9.103D-01
  129  176     0     0  con    1  1.4D-01  5.5D-02  1.066D-01  9.102D-01
  130  177     0     0  con    0  1.0D+00  2.0D-01  1.422D-01  9.101D-01
  131  179     0     0  con    1  1.7D-01  1.2D-01  7.062D-01  9.100D-01
  132  181     0     0  con    1  8.3D-02  9.6D-02  1.020D+00  9.098D-01
  133  182     0     0  con    0  1.0D+00  1.3D-01  9.606D-01  9.096D-01
  134  183     0     0  con    0  1.0D+00  5.5D-01  5.728D+00  9.092D-01
  135  184     0     0  con    0  1.0D+00  1.3D-01  1.951D+00  9.089D-01
  136  186     0     0  con    1  3.5D-01  1.8D-01  1.991D-01  9.087D-01
  137  190     0     0  con    3  6.8D-03  1.1D-03  2.100D-01  9.087D-01
  138  192     0     0  con    1  5.2D-02  1.3D-02  1.599D+00  9.087D-01
  139  193     0     0  con    0  1.0D+00  7.5D-02  2.262D+00  9.087D-01
  140  194     0     0  con    0  1.0D+00  3.5D-02  2.472D+00  9.085D-01
  141  195     0     0  con    0  1.0D+00  1.7D-01  3.832D+00  9.082D-01
  142  196     0     0  con    0  1.0D+00  3.3D-01  1.658D+00  9.077D-01
  143  197     0     0  con    0  1.0D+00  3.7D-01  8.751D-01  9.074D-01
  144  198     0     0  con    0  1.0D+00  3.0D-01  6.064D-01  9.073D-01
  145  199     0     0  con    0  1.0D+00  1.5D-01  9.897D-02  9.073D-01

STOP: TOTAL NO. of f AND g EVALUATIONS EXCEEDS LIMIT        

 Total User time 0.000E+00 seconds.

